"j"	"v"	"v_enzload"	"+ slack"	"- slack"
"RXN-2OXOADPt_c_m_FWD-rt2267"	 1.026196741009137E+04	 3.987444187009750E-02	 0.00E+00	 7.88E+03
"RXN-3HACD200_rm_FWD-rt2309"	 4.417724913049032E+02	 4.085436148357256E-02	 0.00E+00	 3.24E-05
"RXN-3HACD220_rm_FWD-rt2309"	 4.417724913049032E+02	 1.000000010000000E-09	 0.00E+00	 4.42E+02
"RXN-3HACD240_rm_FWD-rt2309"	 3.394611847186231E+02	 1.000000010000000E-09	 0.00E+00	 3.39E+02
"RXN-3HACD260_rm_FWD-rt2309"	 3.702952715397758E+01	 1.000000010000000E-09	 0.00E+00	 3.70E+01
"RXN-3HAD100_c_FWD-rt0302"	 5.604697650259048E+03	 1.000000010000000E-09	 0.00E+00	 5.60E+03
"RXN-3HAD120_c_FWD-rt0302"	 5.604697650259049E+03	 1.000000010000000E-09	 0.00E+00	 5.60E+03
"RXN-3HAD140_c_FWD-rt0302"	 5.604697650259050E+03	 1.000000010000000E-09	 0.00E+00	 5.60E+03
"RXN-3HAD160_c_FWD-rt0302"	 5.604697650259050E+03	 1.000000010000000E-09	 0.00E+00	 5.60E+03
"RXN-3HAD180_c_FWD-rt0302"	 4.606294348987613E+03	 1.000000010000000E-09	 0.00E+00	 4.61E+03
"RXN-3HAD40_c_FWD-rt0302"	 5.604697650259048E+03	 1.000000010000000E-09	 0.00E+00	 5.60E+03
"RXN-3HAD60_c_FWD-rt0302"	 5.604697650259048E+03	 1.000000010000000E-09	 0.00E+00	 5.60E+03
"RXN-3HAD80_c_FWD-rt0302"	 5.604697650259048E+03	 1.000000010000000E-09	 0.00E+00	 5.60E+03
"RXN-3OACE200_rm_FWD-rt2975"	 4.417724913049032E+02	 2.680207782775060E-03	 0.00E+00	 1.00E-03
"RXN-3OACE220_rm_FWD-rt8287"	 4.417718212514412E+02	 2.764806534913626E-05	 0.00E+00	 4.40E+02
"RXN-3OACE240_rm_FWD-rt2975"	 6.700534619898291E-04	 1.000000010000000E-09	 0.00E+00	 5.43E-04
"RXN-3OACE240_rm_FWD-rt8287"	 3.394605146651612E+02	 0.000000000000000E+00	 0.00E+00	 3.39E+02
"RXN-3OACE260_rm_FWD-rt2975"	 3.702952715397758E+01	 1.000000010000000E-09	 0.00E+00	 3.70E+01
"RXN-3OACR200_rm_FWD-rt8327"	 4.417724913049032E+02	 5.666769421315298E-02	 0.00E+00	 2.34E-05
"RXN-3OACR220_rm_FWD-rt8327"	 4.417724913049032E+02	 1.000000010000000E-09	 0.00E+00	 4.42E+02
"RXN-3OACR240_rm_FWD-rt8327"	 3.394611847186231E+02	 1.000000010000000E-09	 0.00E+00	 3.39E+02
"RXN-3OACR260_rm_FWD-rt8327"	 3.702952715397758E+01	 1.000000010000000E-09	 0.00E+00	 3.70E+01
"RXN-3OAR140_c_FWD-rt1363"	 4.204333372081132E+03	-8.731404470968540E-10	 0.00E+00	 4.20E+03
"RXN-3OAR40_c_FWD-rt0409"	 5.604696174111306E+03	 1.000000010000000E-09	 0.00E+00	 5.60E+03
"RXN-3OAR40_c_FWD-rt2190"	 1.424867145254522E-03	 0.000000000000000E+00	 0.00E+00	 1.42E-03
"RXN-3OAR80_c_FWD-rt0409"	 5.604692546033024E+03	 1.000000010000000E-09	 0.00E+00	 5.60E+03
"RXN-3OAR80_c_FWD-rt2183"	 3.679358878176860E-03	 0.000000000000000E+00	 0.00E+00	 3.68E-03
"RXN-3OAR80_c_FWD-rt2190"	 1.424867145254522E-03	 0.000000000000000E+00	 0.00E+00	 1.42E-03
"RXN-3OAS100_c_FWD-rt0409"	 5.604697650259048E+03	 1.000000010000000E-09	 0.00E+00	 5.60E+03
"RXN-3OAS120_c_FWD-rt0409"	 5.604697650259048E+03	 1.000000010000000E-09	 0.00E+00	 5.60E+03
"RXN-3OAS140_c_FWD-rt0409"	 5.604697650259049E+03	 1.000000010000000E-09	 0.00E+00	 5.60E+03
"RXN-3OAS160_c_FWD-rt0409"	 5.604697650259050E+03	 1.000000010000000E-09	 0.00E+00	 5.60E+03
"RXN-3OAS180_c_FWD-rt0409"	 4.606294348987613E+03	 1.000000010000000E-09	 0.00E+00	 4.61E+03
"RXN-3OAS40_c_FWD-rt0409"	 5.604697650259048E+03	 1.000000010000000E-09	 0.00E+00	 5.60E+03
"RXN-3OAS60_c_FWD-rt0409"	 5.604697650259048E+03	 1.000000010000000E-09	 0.00E+00	 5.60E+03
"RXN-3OAS80_c_FWD-rt0409"	 5.604697650259048E+03	 1.000000010000000E-09	 0.00E+00	 5.60E+03
"RXN-ACACT40ir_c_FWD-rt0310"	 1.188662986475843E+04	 5.863057514332215E-01	 0.00E+00	 1.19E+02
"RXN-ACCOAC_c_FWD-rt0271"	 4.509921359528335E+04	 1.167614279453735E-01	 0.00E+00	 4.51E+02
"RXN-ACCOATsucac_m_FWD-rt5429"	 5.873121236957572E-05	 1.316483946437554E-01	 3.76E+03	 0.00E+00
"RXN-ACGAMPM_c_FWD-rt4597"	 5.992865739133598E+02	 7.385246025167660E-02	 0.00E+00	 0.00E+00
"RXN-ACGK_m_FWD-rt1009"	 1.798706456131881E+04	 2.470608592943976E-01	 1.99E+04	 0.00E+00
"RXN-ACHBS_m_FWD-ILV26"	 7.533811230840261E+03	 1.000000010000000E-09	 0.00E+00	 7.53E+03
"RXN-ACITL_c_FWD-rt1358"	 1.009919062203111E+05	 2.277903898906365E-01	 3.58E+03	 0.00E+00
"RXN-ACLS_m_FWD-ILV26"	 2.586016093692149E+04	 3.246191782385505E-01	 0.00E+00	 6.79E+03
"RXN-ACOADS181_rm_FWD-rt0477"	 2.418771110013479E+03	 1.112691134563155E-01	 0.00E+00	 2.17E-05
"RXN-ACOADS182_rm_FWD-rt0477"	 4.780610381557956E+02	 1.000000010000000E-09	 0.00E+00	 4.78E+02
"RXN-ACOATA_c_FWD-rt0302"	 5.604697650259048E+03	 1.000000010000000E-09	 0.00E+00	 5.60E+03
"RXN-ACONTa_m_FWD-rt3256"	 2.629950255069003E+05	 7.059927479345180E-01	 0.00E+00	 8.22E+04
"RXN-ACONTb_m_FWD-rt6232"	 2.629950255069003E+05	 8.201153594891444E-02	 0.00E+00	 8.04E+04
"RXN-ACOTAi_m_FWD-rt6510"	 1.798706456131881E+04	 9.489055299539169E-02	 3.85E+04	 0.00E+00
"RXN-ACS_c_FWD-rt6229_c"	 4.717894784907390E+03	 1.321882746356957E-01	 0.00E+00	 3.77E+03
"RXN-ADNK1_c_FWD-rt0017"	 5.179105735479516E+03	 4.489039652103058E-01	 0.00E+00	 5.23E+01
"RXN-ADPATPt_c_m_FWD-rt4336"	 7.967842303673239E+06	 4.490531502689604E+00	 0.00E+00	 1.02E+05
"RXN-ADSK_c_FWD-rt0341"	 4.717885711496512E+03	 1.876032563228284E-01	 0.00E+00	 7.70E+00
"RXN-ADSL1r_c_FWD-rt7437"	 6.806014304820995E+03	 1.000000010000000E-09	 0.00E+00	 6.81E+03
"RXN-ADSL2i_c_FWD-rt7437"	 7.585308585437173E+03	 7.069214129809678E-02	 0.00E+00	 8.56E+01
"RXN-ADSS_c_FWD-rt3802"	 6.806014304820995E+03	 1.966226834556447E-01	 0.00E+00	 8.07E+01
"RXN-AFAT_c_FWD-rt3174_c"	 2.902230119761634E+00	 1.996757309579201E-02	 1.17E+03	 0.00E+00
"RXN-AHCi_c_FWD-rt4544"	 5.179105735479516E+03	 5.287245456431203E-01	 0.00E+00	 5.23E+01
"RXN-AHSERL2_c_FWD-rt8250"	 3.622637332558415E+03	 2.713543447599009E-03	 0.00E+00	 1.85E+02
"RXN-AICART_c_FWD-rt4053"	 1.084560024804793E+04	 6.948677351614160E-01	 0.00E+00	 1.24E+02
"RXN-AIRC1_c_FWD-rt3764"	 7.585308585437173E+03	 1.528914722610367E-01	 0.00E+00	 9.88E+00
"RXN-AKGDH_m_FWD-KGDCPLX"	 8.129057530596369E+04	 0.000000000000000E+00	 0.00E+00	 8.13E+04
"RXN-ALAS_m_FWD-rt0309"	 6.236888628709554E+00	 1.807558641117149E-02	 1.06E+03	 0.00E+00
"RXN-ALATA_L_m_REV-rt1267"	 1.653555567465022E+04	 6.578604000484255E-02	 0.00E+00	 1.27E+04
"RXN-ALATRS_c_FWD-rt3605"	 1.653555567465022E+04	 1.619317846409494E-01	 0.00E+00	 2.18E+02
"RXN-ANPRT_c_FWD-rt1532"	 1.625915571204330E+03	 1.235523322640226E-02	 1.65E+04	 0.00E+00
"RXN-ANS_c_FWD-TRP23"	 1.625915571204330E+03	 2.732323867827505E-02	 0.00E+00	 4.01E+00
"RXN-ARGSL_c_FWD-rt3236"	 9.228077207016808E+03	 3.686382610597380E-01	 0.00E+00	 9.46E+01
"RXN-ARGSS_c_FWD-rt7828"	 9.228077207016808E+03	 5.520163636661160E-01	 0.00E+00	 9.46E+01
"RXN-ARGTRS_c_FWD-rt1711"	 9.228077207016808E+03	 2.488798642277956E-01	 0.00E+00	 9.46E+01
"RXN-ASAD_c_FWD-rt1962"	 1.975800312373205E+04	 4.430689564068692E-01	 0.00E+00	 2.19E+02
"RXN-ASNS1_c_FWD-rt6769"	 5.170611182051318E+03	 5.321387680792962E-01	 0.00E+00	 5.45E+01
"RXN-ASNTRS_c_FWD-rt0799"	 5.170611182051318E+03	 1.606929056563889E-01	 0.00E+00	 2.86E+00
"RXN-ASPCT_c_FWD-rt8313"	 6.749859204360230E+03	 1.000000010000000E-09	 0.00E+00	 6.75E+03
"RXN-ASPK_c_FWD-rt6294"	 1.975800312373205E+04	 1.697463751851686E-01	 0.00E+00	 2.15E+01
"RXN-ASPTAi_m_FWD-rt5913_m"	 1.392451354711885E+05	 0.000000000000000E+00	 0.00E+00	 1.39E+05
"RXN-ASPTRS_c_FWD-rt5890"	 8.722233341520503E+03	 3.099132597851177E-01	 0.00E+00	 9.24E+01
"RXN-ATPASEP2e_c_FWD-rt0602_c"	 2.117544854541143E+05	 3.409879311534585E-03	 0.00E+00	 9.57E+04
"RXN-ATPPRT_c_FWD-rt1520"	 3.260291662610758E+03	 3.537425048476864E-01	 0.00E+00	 6.22E+00
"RXN-ATPS_m_FWD-ATPSCPLX"	 2.582384278018267E+06	 2.906970140402536E-01	 1.06E+04	 0.00E+00
"RXN-BPNT_c_FWD-rt2305"	 4.717885711496512E+03	 2.732467236043664E-01	 0.00E+00	 7.70E+00
"RXN-C3STDH1_c_FWD-rt5356"	 1.981104127617466E+03	 8.684371146222026E-03	 0.00E+00	 1.47E+03
"RXN-C4STMO1_c_FWD-rt8272"	 1.981104148648275E+03	 1.000000010000000E-09	 0.00E+00	 1.98E+03
"RXN-C4STMO2_c_FWD-rt8272"	 1.981104148648275E+03	 1.000000010000000E-09	 0.00E+00	 1.98E+03
"RXN-C4STMO3_c_FWD-rt8272"	 1.981104148648275E+03	 1.000000010000000E-09	 0.00E+00	 1.98E+03
"RXN-C4STMO4_c_FWD-rt8272"	 1.981104148648275E+03	 8.561445286047398E-03	 0.00E+00	 6.94E-04
"RXN-CBPS_c_FWD-rt3934"	 1.621326618332486E+02	 2.354757766413330E-01	 1.37E+04	 0.00E+00
"RXN-CDPDAGS_rm_FWD-rt4513_rm"	 1.958253516869348E+03	 2.248917217815700E-02	 0.00E+00	 0.00E+00
"RXN-CHORM_c_FWD-rt1336"	 1.026391948367834E+04	 1.063033016364845E-01	 3.83E+01	 0.00E+00
"RXN-CHORS_c_FWD-rt5669"	 1.188983505488267E+04	 2.297422549947486E-01	 3.43E+01	 0.00E+00
"RXN-CHTNS_c_FWD-rt0073"	 7.763928107748920E-04	 7.763928107748920E-04	 4.56E+01	 0.00E+00
"RXN-CHTNS_c_FWD-rt6173"	 5.992672585180156E+02	 5.745714497329534E-03	 1.93E-02	 0.00E+00
"RXN-CHTNS_c_FWD-rt6592"	 1.853900253344253E-02	 1.853900253344253E-02	 1.09E+03	 0.00E+00
"RXN-CPPPGO_c_FWD-rt5829"	 4.981945248077497E-01	 8.973277183721790E-03	 5.27E+02	 0.00E+00
"RXN-CTPS2_c_FWD-rt8107"	 3.446234208739026E+03	 1.332558706993714E-01	 4.35E-03	 0.00E+00
"RXN-CYSS_c_FWD-rt3663"	 1.095248378938097E+03	 2.952670893478853E-01	 1.64E+02	 0.00E+00
"RXN-CYSTGL_c_FWD-rt1131"	 4.043723522676137E+02	 1.239175492861591E-02	 0.00E+00	 1.80E+02
"RXN-CYSTRS_c_FWD-rt1487"	 1.499620571712347E+03	 6.439790089949174E-02	 0.00E+00	 2.72E+00
"RXN-CYSTS_c_FWD-rt7344"	 4.043723522676137E+02	 1.170546455825051E-02	 0.00E+00	 1.80E+02
"RXN-DB4PS_c_FWD-rt8298"	 6.723524642361020E+00	 3.680437535818647E-02	 2.15E+03	 0.00E+00
"RXN-DCMPDA_c_FWD-rt0757"	 7.563786193420669E+00	 8.258938122599311E-03	 7.71E+00	 0.00E+00
"RXN-DDPA_c_FWD-rt2234_c"	 3.864711870157779E-01	 3.864711870157779E-01	 2.27E+04	 0.00E+00
"RXN-DDPA_c_FWD-rt3787_c"	 1.188944858369566E+04	 1.634949233660359E-01	 3.47E+01	 0.00E+00
"RXN-DGAT_rm_FWD-rt8092_rm"	 3.885848242928707E+02	 1.000000010000000E-09	 0.00E+00	 3.89E+02
"RXN-DHAD1_m_FWD-rt1321"	 2.586016109497733E+04	 3.074914859675802E-01	 0.00E+00	 2.06E+02
"RXN-DHAD2_m_FWD-rt1321"	 7.533811230840261E+03	 1.000000010000000E-09	 0.00E+00	 7.53E+03
"RXN-DHORDfum_c_FWD-rt6498"	 6.749859204360230E+03	 1.068083587771125E-01	 0.00E+00	 9.70E-03
"RXN-DHORTS_c_REV-rt3923"	 6.749859204360230E+03	 8.819459941977240E-02	 0.00E+00	 9.70E-03
"RXN-DHPPDA2_c_FWD-rt7138"	 3.361762321180510E+00	 1.653901472785863E-03	 9.38E+01	 0.00E+00
"RXN-DHQS_c_FWD-rt3937"	 1.188983505488267E+04	 2.306991699101179E-03	 3.43E+01	 0.00E+00
"RXN-DHQTi_c_FWD-rt2204"	 1.188983505488267E+04	 2.906035435962539E-03	 1.16E+05	 0.00E+00
"RXN-DMATT_c_FWD-rt4576"	 3.962209954919480E+03	 1.000000010000000E-09	 0.00E+00	 3.96E+03
"RXN-DPMVD_c_FWD-rt3542"	 1.188662986475843E+04	 1.246437731610657E-01	 0.00E+00	 4.97E-03
"RXN-DRAPPRy_c_FWD-rt8469"	 3.361762321180510E+00	 1.628482865688398E-03	 9.23E+01	 0.00E+00
"RXN-DUTPDP_c_FWD-rt0031"	 9.387909719741307E-02	 9.387909719741307E-02	 2.07E+02	 0.00E+00
"RXN-DUTPDP_c_FWD-rt5532"	 2.071417378467859E+02	 3.264561569205607E-02	 1.71E+03	 0.00E+00
"RXN-EAR100y_c_FWD-rt0302"	 5.604697650259048E+03	 1.000000010000000E-09	 0.00E+00	 5.60E+03
"RXN-EAR120y_c_FWD-rt0302"	 5.604697650259049E+03	 1.000000010000000E-09	 0.00E+00	 5.60E+03
"RXN-EAR140y_c_FWD-rt0302"	 5.604697650259050E+03	 1.000000010000000E-09	 0.00E+00	 5.60E+03
"RXN-EAR160y_c_FWD-rt0302"	 5.604697650259050E+03	 1.000000010000000E-09	 0.00E+00	 5.60E+03
"RXN-EAR180y_c_FWD-rt0302"	 4.606294348987613E+03	 1.000000010000000E-09	 0.00E+00	 4.61E+03
"RXN-EAR40y_c_FWD-rt0302"	 5.604697650259048E+03	 1.000000010000000E-09	 0.00E+00	 5.60E+03
"RXN-EAR60y_c_FWD-rt0302"	 5.604697650259048E+03	 1.000000010000000E-09	 0.00E+00	 5.60E+03
"RXN-EAR80y_c_FWD-rt0302"	 5.604697650259048E+03	 1.000000010000000E-09	 0.00E+00	 5.60E+03
"RXN-ECOAR200_rm_FWD-rt7873"	 4.417724913049032E+02	 4.088355360813156E-02	 0.00E+00	 3.24E-05
"RXN-ECOAR220_rm_FWD-rt7873"	 4.417724913049032E+02	 1.000000010000000E-09	 0.00E+00	 4.42E+02
"RXN-ECOAR240_rm_FWD-rt7873"	 3.394611847186231E+02	 1.000000010000000E-09	 0.00E+00	 3.39E+02
"RXN-ECOAR260_rm_FWD-rt7873"	 3.702952715397758E+01	 1.000000010000000E-09	 0.00E+00	 3.70E+01
"RXN-ENO_c_FWD-rt0669"	 5.573009469075097E+05	 2.023183104519913E+00	 0.00E+00	 1.18E+05
"RXN-FBA_c_FWD-rt7052"	 3.343473161919077E+05	 1.390821937711271E+00	 0.00E+00	 1.51E+04
"RXN-FCLT_m_FWD-rt7907"	 4.981945248077497E-01	 1.062451272952120E-02	 6.23E+02	 0.00E+00
"RXN-FDH_c_FWD-rt3584"	 1.866253307639146E+05	 1.000000010000000E-09	 0.00E+00	 1.87E+05
"RXN-FE2t_c_e_FWD-rt0996"	 2.565308388826235E+01	 1.794764357615479E-01	 0.00E+00	 3.72E+00
"RXN-FE3t_c_e_FWD-rt74770996"	 6.526437899084087E-02	 2.198755135596749E-02	 1.29E+03	 0.00E+00
"RXN-FECRq9_m_FWD-FECRq9CPLX"	 3.023010688071334E+06	 6.206711273480221E-02	 0.00E+00	 7.70E+05
"RXN-FMNRx2_c_FWD-rt8485"	 2.297422549947486E-01	 6.337637742361645E-02	 3.72E+03	 0.00E+00
"RXN-FTHFL_m_REV-rt6998"	 2.038928912271685E+04	 2.347537840205580E-02	 0.00E+00	 1.34E+04
"RXN-FUM_m_FWD-rt5633_m"	 2.182872451157699E+05	 1.000000010000000E-09	 0.00E+00	 2.18E+05
"RXN-G6PDH2i_c_FWD-rt1632"	 3.370677659431411E+05	 5.377221229227377E-01	 0.00E+00	 1.90E+03
"RXN-GALUi_c_FWD-rt3384"	 4.581279243302222E+04	 4.702775849050919E-01	 0.00E+00	 4.58E+02
"RXN-GAPD_c_FWD-rt2245"	 7.659941691043568E+05	 8.841858409186844E-01	 0.00E+00	 3.17E+04
"RXN-GARFT_c_FWD-rt5227"	 7.585308585437173E+03	 7.475388097300789E-02	 0.00E+00	 9.88E+00
"RXN-GF6PTA_c_FWD-rt3731"	 5.992865739133598E+02	 1.000000010000000E-09	 0.00E+00	 5.99E+02
"RXN-GLNS_c_FWD-rt3476"	 5.533920769481547E+04	 7.389843293940614E-02	 0.00E+00	 5.84E+02
"RXN-GLNTRS_c_FWD-rt5012"	 6.002877440124133E+03	 1.198867337320497E-01	 1.61E+01	 0.00E+00
"RXN-GLUDxi_c_FWD-rt1488"	 6.776452663962578E+04	 4.605685478663356E-02	 0.00E+00	 6.51E+04
"RXN-GLUDy_c_FWD-rt3880"	 4.731368502324710E+05	 2.582781058425110E-01	 3.56E+04	 0.00E+00
"RXN-GLUPRT_c_FWD-rt6932"	 7.585308585437173E+03	 1.250286278198747E-01	 0.00E+00	 9.88E+00
"RXN-GLUTRS_c_FWD-rt2385"	 1.044940623009428E+04	 1.766983545608599E-01	 0.00E+00	 1.12E+02
"RXN-GLYTRS_c_FWD-rt7136"	 1.261966424821921E+04	 2.672889484346059E-01	 0.00E+00	 1.56E+02
"RXN-GMPS2_c_FWD-rt7388"	 4.039585943226935E+03	 3.543108016363032E-01	 0.00E+00	 4.37E+01
"RXN-GRTT_c_FWD-rt4576"	 3.962209954919480E+03	 1.646035066911229E-01	 0.00E+00	 1.68E-03
"RXN-GTPCII2_c_FWD-rt4183"	 3.361762321180510E+00	 1.297352379237895E-02	 7.59E+02	 0.00E+00
"RXN-H2Ot_c_e_REV-rt0646"	 2.277660450818104E+06	 1.000000010000000E-09	 0.00E+00	 2.28E+06
"RXN-HACNH_m_FWD-rt6232"	 1.026196739569841E+04	 0.000000000000000E+00	 0.00E+00	 1.03E+04
"RXN-HCITR_m_FWD-rt7648"	 1.026196741009137E+04	 1.611573237891181E-01	 0.00E+00	 1.01E+02
"RXN-HCITS_m_FWD-rt6488_m"	 1.026196741009137E+04	 1.000000010000000E-09	 0.00E+00	 1.03E+04
"RXN-HEMEOS_m_FWD-rt2735"	 1.657622929332019E-03	 0.000000000000000E+00	 0.00E+00	 1.66E-03
"RXN-HICITD_m_FWD-rt2060"	 1.026196741009137E+04	 7.181637762140719E-01	 0.00E+00	 1.01E+02
"RXN-HISTD_c_FWD-rt3278"	 3.260291662610758E+03	 1.000000010000000E-09	 0.00E+00	 3.26E+03
"RXN-HISTP_c_FWD-rt1838"	 3.260291662610758E+03	 1.072792261820745E-02	 0.00E+00	 6.22E+00
"RXN-HISTRS_c_FWD-rt0207_c"	 3.260291662610758E+03	 9.750636971744356E-02	 0.00E+00	 6.22E+00
"RXN-HMGCOAR_c_FWD-rt1206"	 1.188662986475843E+04	 1.478739984033787E-02	 0.00E+00	 4.97E-03
"RXN-HMGCOAS_c_FWD-rt3754_c"	 1.188662986475843E+04	 4.000241620256892E-01	 0.00E+00	 1.19E+02
"RXN-HOMOX_m_FWD-COX15ARH1YAH1"	 1.657622929332019E-03	 0.000000000000000E+00	 0.00E+00	 1.66E-03
"RXN-HSDy_c_FWD-rt3712"	 1.975800312373205E+04	 7.079067754772217E-02	 0.00E+00	 2.15E+01
"RXN-HSERTA_c_FWD-rt4145"	 3.622637332558415E+03	 4.459931547202502E-02	 0.00E+00	 1.85E+02
"RXN-HSK_c_FWD-rt0283"	 1.613536579117363E+04	 5.781383812302016E-02	 1.63E+02	 0.00E+00
"RXN-HSTPT_c_FWD-rt4862"	 3.260291662610758E+03	 1.336956514421400E-01	 0.00E+00	 6.22E+00
"RXN-ICDHx_m_FWD-IDH12"	 2.320032777424808E+05	 1.371883011424128E-01	 0.00E+00	 5.21E+04
"RXN-ICDHyi_m_FWD-rt2761"	 3.099174776441955E+04	 1.036608533035243E+00	 2.99E+04	 0.00E+00
"RXN-IG3PS_c_FWD-rt0716"	 3.260291662610758E+03	 1.512628074044731E-01	 0.00E+00	 6.22E+00
"RXN-IGPDH_c_FWD-rt0339"	 3.260291662610758E+03	 4.863450024060395E-02	 0.00E+00	 6.22E+00
"RXN-IGPS_c_FWD-rt8196"	 1.625915571204330E+03	 4.071313877077373E-02	 5.41E+03	 0.00E+00
"RXN-ILETA_m_REV-rt6242_m"	 7.533811230840261E+03	 1.000000010000000E-09	 0.00E+00	 7.53E+03
"RXN-ILETRS_c_FWD-rt5078"	 7.533811230840261E+03	 1.887786710793128E-01	 0.00E+00	 1.06E+02
"RXN-IMPC_c_FWD-rt4053"	 1.084560024804793E+04	 1.000000010000000E-09	 0.00E+00	 1.08E+04
"RXN-IMPD_c_FWD-rt0027"	 4.039585943226935E+03	 8.367048631221082E-02	 0.00E+00	 4.37E+01
"RXN-IPDDI_c_FWD-rt7835"	 3.962209954919480E+03	 9.515859113489396E-02	 0.00E+00	 1.66E-03
"RXN-IPMD_c_FWD-rt5526"	 1.402882787999088E+04	 3.334250533880586E-01	 0.00E+00	 1.39E+02
"RXN-IPPMIa_c_REV-rt6546"	 1.402882787999088E+04	 2.800944679028994E-01	 0.00E+00	 1.39E+02
"RXN-IPPMIb_c_REV-rt6546"	 1.402882787999088E+04	 1.000000010000000E-09	 0.00E+00	 1.40E+04
"RXN-IPPS_c_FWD-rt7120"	 1.402882787999088E+04	 5.854869384609235E-01	 0.00E+00	 1.39E+02
"RXN-KARA1i_m_FWD-rt0808"	 2.586016109497733E+04	 1.646079561349261E+00	 0.00E+00	 2.06E+02
"RXN-KARA2i_m_FWD-rt0808"	 7.533811230840261E+03	 1.000000010000000E-09	 0.00E+00	 7.53E+03
"RXN-LEUTA_c_REV-rt5646"	 1.402882787999088E+04	 1.000000010000000E-09	 0.00E+00	 1.40E+04
"RXN-LEUTRS_c_FWD-rt1776"	 1.402882787999088E+04	 2.999313060454650E-01	 0.00E+00	 1.39E+02
"RXN-LNS14DMy_c_FWD-ERG11NCP1"	 1.981104148648275E+03	 6.099882104684082E-02	 0.00E+00	 0.00E+00
"RXN-LYSTRS_c_FWD-rt3577"	 1.026196741009137E+04	 3.271029717863347E-01	 0.00E+00	 1.01E+02
"RXN-MAN1PT_c_FWD-rt6588"	 1.814985205972205E+04	 6.384592139481164E-01	 0.00E+00	 1.81E+02
"RXN-MCOATA_c_FWD-rt0302"	 4.383917029682123E+04	 1.842745100733001E-01	 0.00E+00	 4.38E+02
"RXN-MDH_m_FWD-rt2810"	 5.032320671983999E+05	 1.335560180509497E+00	 0.00E+00	 1.64E+04
"RXN-METAT_c_FWD-rt5403"	 5.179105735479517E+03	 1.830469649997773E+00	 0.00E+00	 5.23E+01
"RXN-METS_c_FWD-rt1457"	 8.397370715770316E+03	 2.865957855070187E+00	 0.00E+00	 8.95E+01
"RXN-METTRS_c_FWD-rt4772"	 3.218264980290799E+03	 9.489161606833806E-02	 0.00E+00	 4.98E+00
"RXN-MEVK1_c_FWD-rt0390"	 1.188662986475843E+04	 2.221330972682798E-01	 0.00E+00	 4.97E-03
"RXN-MTHFD2i_c_FWD-rt4257"	 2.915663500323761E+05	 8.162209646036767E-02	 0.00E+00	 7.38E+03
"RXN-MTHFR3_c_FWD-MET1213"	 8.397370715770316E+03	 6.538742591441825E-02	 0.00E+00	 5.54E+00
"RXN-NACt_c_e_FWD-rt3853"	 4.116836738778511E+01	 5.482202975783207E-04	 0.00E+00	 3.39E+00
"RXN-NADHcplxI_c_m_FWD-NADHCPLX0"	 1.080288481405403E+05	 0.000000000000000E+00	 0.00E+00	 1.08E+05
"RXN-NADHq9_c_FWD-rt0604"	 1.219477115009431E+06	 2.151448639779334E-01	 1.74E+05	 0.00E+00
"RXN-NADK_c_FWD-rt1814_c"	 3.895473388676328E+01	 4.890669565558477E-03	 0.00E+00	 1.18E+00
"RXN-NADS2_c_FWD-rt0915_c"	 4.116836738778511E+01	 1.805767261180212E-02	 0.00E+00	 3.39E+00
"RXN-NAMNPP_c_FWD-rt1924_c"	 4.116836738778511E+01	 4.855763598271670E-02	 0.00E+00	 3.39E+00
"RXN-NDPK1_c_FWD-rt7311"	 3.511140951012974E+05	 2.656272638481354E+00	 0.00E+00	 3.61E+03
"RXN-NDPK2_c_FWD-rt7311"	 5.295470259435184E+04	 1.000000010000000E-09	 0.00E+00	 5.30E+04
"RXN-NDPK3_c_FWD-rt7311"	 1.595683351591464E+03	 1.000000010000000E-09	 0.00E+00	 1.60E+03
"RXN-NDPK4_c_FWD-rt7311"	 2.225090681214808E+02	 1.000000010000000E-09	 0.00E+00	 2.23E+02
"RXN-NDPK5_c_FWD-rt7311"	 3.472972876154366E+02	 1.000000010000000E-09	 0.00E+00	 3.47E+02
"RXN-NDPK6_c_FWD-rt7311"	 2.072356169439833E+02	 1.000000010000000E-09	 0.00E+00	 2.07E+02
"RXN-NDPK7_c_FWD-rt7311"	 3.472968735937505E+02	 1.000000010000000E-09	 0.00E+00	 3.47E+02
"RXN-NDPK8_c_FWD-rt7311"	 2.225026244699507E+02	 1.000000010000000E-09	 0.00E+00	 2.23E+02
"RXN-NNATi_c_FWD-rt2062_c"	 4.116836738778511E+01	 5.687235870030241E-03	 0.00E+00	 3.39E+00
"RXN-OCBT_c_FWD-rt4934"	 9.228077207016808E+03	 2.544000114249536E-01	 0.00E+00	 2.37E+00
"RXN-OMCDC_c_FWD-rt5646"	 1.402882787999088E+04	 2.168261753792561E-06	 0.00E+00	 1.40E+04
"RXN-OMPDC_c_FWD-rt3750"	 6.749859204360230E+03	 1.888751155306035E-01	 0.00E+00	 9.70E-03
"RXN-ORNCD_m_FWD-rt6574"	 5.010607086882985E+03	 9.850151828354324E-03	 3.55E+04	 0.00E+00
"RXN-ORNTA_c_FWD-rt6698"	 3.748380267419021E+03	 9.758534200408221E-02	 3.03E+03	 0.00E+00
"RXN-ORNTACi_m_FWD-rt7840"	 1.798706456131881E+04	 1.073522450075503E-01	 3.85E+04	 0.00E+00
"RXN-ORNtpa_m_FWD-rt4951"	 1.297645747443583E+04	 3.676849370390016E-03	 3.03E+03	 0.00E+00
"RXN-ORPT_c_REV-rt2348"	 6.749859204360230E+03	 1.408924850970753E-01	 0.00E+00	 9.70E-03
"RXN-PAPSR_c_FWD-MET16TRX1"	 3.773069936530662E+03	 5.529091271278175E-02	 0.00E+00	 1.24E+02
"RXN-PC_c_FWD-rt7325"	 4.117726591366922E-03	 4.117726591366922E-03	 2.42E+02	 0.00E+00
"RXN-PC_c_FWD-rt8262"	 1.530188387982258E+05	 6.989097335685797E-01	 1.93E+04	 0.00E+00
"RXN-PCOATA160_c_FWD-rt0302"	 9.984033012714362E+02	 1.000000010000000E-09	 0.00E+00	 9.98E+02
"RXN-PCOATA180_c_FWD-rt0302"	 4.606294348987613E+03	 1.000000010000000E-09	 0.00E+00	 4.61E+03
"RXN-PDH_m_FWD-PDHCPLX"	 3.742488990785715E+05	 1.983428963384760E-01	 0.00E+00	 7.95E+04
"RXN-PDMEMT_rm_FWD-rt4380"	 1.065812917907893E+03	 1.938483256195651E-01	 0.00E+00	 1.10E-05
"RXN-PEMT_rm_FWD-rt2279"	 1.065812912409713E+03	 4.245178364155855E-02	 1.43E+03	 0.00E+00
"RXN-PFK_c_FWD-rt0499"	 3.343473161919077E+05	 1.119751225654506E-02	 0.00E+00	 1.18E+04
"RXN-PGCD_c_FWD-rt0717"	 2.082510386614069E+05	 4.127622189928997E-01	 8.71E+04	 0.00E+00
"RXN-PGCD_c_FWD-rt3683"	 9.443905208322423E-03	 5.673977827499374E-03	 3.33E+02	 0.00E+00
"RXN-PGI_c_FWD-rt1221"	 1.451971953558041E+05	 5.781383958465592E-01	 0.00E+00	 3.29E+03
"RXN-PGK_c_FWD-rt7353"	 7.659972291981660E+05	 1.067039058674908E+00	 0.00E+00	 3.17E+04
"RXN-PGL_c_FWD-rt6131"	 3.370677659431411E+05	 4.337731385144606E-01	 0.00E+00	 1.90E+03
"RXN-PGM_c_FWD-rt7057"	 1.183160332248356E+05	 8.568290003661664E-03	 0.00E+00	 1.18E+05
"RXN-PGMT_c_FWD-rt1591"	 4.581279243302222E+04	 5.636879726457125E-01	 0.00E+00	 4.58E+02
"RXN-PHETRS_c_FWD-FRS12"	 5.863049752676025E+03	 8.761684723443096E-02	 0.00E+00	 3.67E+01
"RXN-PItps_e_FWD-rt1948"	 2.029492599287651E+04	 4.261540100572420E-03	 0.00E+00	 2.35E+01
"RXN-PItps_m_FWD-rt7506"	 1.016723529057829E+05	 4.559209593293519E-03	 0.00E+00	 1.01E+05
"RXN-PMANM_c_REV-rt0873"	 1.814985205972205E+04	 3.042136582266323E-01	 0.00E+00	 1.81E+02
"RXN-PMEMT_rm_FWD-rt4380"	 1.065812917907893E+03	 1.000000010000000E-09	 0.00E+00	 1.07E+03
"RXN-PMEVK_c_FWD-rt0334"	 1.188662986475843E+04	 2.141618497109827E-02	 0.00E+00	 4.97E-03
"RXN-PNTK_c_FWD-rt5817"	 1.594933640062231E-04	 1.768053106645153E-02	 1.04E+03	 0.00E+00
"RXN-PPA_c_FWD-rt7511"	 3.200610906150034E+05	 1.375535533170212E+00	 9.29E+03	 0.00E+00
"RXN-PPBNGD_c_FWD-rt6350"	 7.796110785886943E-01	 9.348689335275441E-03	 5.48E+02	 0.00E+00
"RXN-PPBNGS_1_c_FWD-rt5026"	 3.118444314354777E+00	 9.399504018179086E-03	 5.49E+02	 0.00E+00
"RXN-PPCDC_c_FWD-rt0168"	 1.594933640062231E-04	 0.000000000000000E+00	 0.00E+00	 1.59E-04
"RXN-PPNCL2_c_FWD-rt0510"	 1.594933640062231E-04	 4.471433347270633E-02	 2.63E+03	 0.00E+00
"RXN-PPND2_c_FWD-rt7857"	 4.400869731002318E+03	 3.081626904032411E-02	 1.61E+01	 0.00E+00
"RXN-PPPGO_m_FWD-rt3499"	 2.490972624038749E-01	 4.675514379496277E-03	 2.74E+02	 0.00E+00
"RXN-PRAGSi_c_FWD-rt5891"	 7.585308585437173E+03	 3.704850678653447E-01	 0.00E+00	 8.56E+01
"RXN-PRAIS_c_FWD-rt5891"	 7.585308585437173E+03	 1.000000010000000E-09	 0.00E+00	 7.59E+03
"RXN-PRAMPC_c_FWD-rt3278"	 3.260291662610758E+03	 1.001947290876253E-01	 0.00E+00	 6.22E+00
"RXN-PRASCSi_c_FWD-rt0852"	 7.585308585437173E+03	 3.177794100333245E-01	 0.00E+00	 9.88E+00
"RXN-PRATPP_c_FWD-rt3278"	 3.260291662610758E+03	 1.000000010000000E-09	 0.00E+00	 3.26E+03
"RXN-PRFGS_c_FWD-rt6665"	 7.585308585437173E+03	 2.338583935406646E-01	 0.00E+00	 8.56E+01
"RXN-PRMICI_c_FWD-rt3242_c"	 3.260291662610758E+03	 5.932035951400725E-02	 0.00E+00	 6.22E+00
"RXN-PROTRS_c_FWD-rt3118"	 8.759215215175065E+03	 6.179598295717015E-01	 0.00E+00	 7.22E+01
"RXN-PRPPS_c_FWD-PRS23"	 1.926254339100036E+04	 9.265178343276592E-02	 1.65E+04	 0.00E+00
"RXN-PSCIT_c_FWD-rt5884"	 1.188983505488267E+04	 1.000000010000000E-09	 0.00E+00	 1.19E+04
"RXN-PSD_mm_FWD-rt2136"	 2.640821798855866E-02	 2.640821798855866E-02	 1.55E+03	 0.00E+00
"RXN-PSD_mm_FWD-rt6186"	 1.351651122158312E+03	 2.464416261159431E-02	 2.64E-02	 0.00E+00
"RXN-PSERT_c_FWD-rt7036"	 2.086962822906564E+05	 1.485765277229592E-01	 8.96E+04	 0.00E+00
"RXN-PSSA_rm_FWD-rt3215"	 1.597662734193774E+03	 9.586545199719692E-03	 0.00E+00	 0.00E+00
"RXN-PYDX5PS_c_FWD-SNZ1SNO1"	 4.683163306403458E+00	 0.000000000000000E+00	 0.00E+00	 4.68E+00
"RXN-PYK_c_FWD-rt4634"	 5.335212767977444E+05	 1.611681199025046E+00	 0.00E+00	 1.18E+05
"RXN-PYRtps_m_FWD-MPC13"	 3.786849016283421E+05	 1.000000010000000E-09	 0.00E+00	 3.79E+05
"RXN-RBFK_c_FWD-rt0930_c"	 3.361762321180510E+00	 1.578564324333961E-01	 9.27E+03	 0.00E+00
"RXN-RBFSa_c_FWD-rt0910"	 6.723524642361020E+00	 9.748896559529202E-02	 5.72E+03	 0.00E+00
"RXN-RBFSb_c_FWD-rt4127"	 3.361762321180510E+00	 1.306825834886961E-01	 7.67E+03	 0.00E+00
"RXN-RNDR1_c_FWD-RNR124"	 2.225086611955687E+02	 1.000000010000000E-09	 0.00E+00	 2.23E+02
"RXN-RNDR2_c_FWD-RNR124"	 3.472972876154366E+02	-2.000000019763970E-09	 0.00E+00	 3.47E+02
"RXN-RNDR4_c_FWD-RNR124"	 2.072356169439833E+02	 1.000000010000000E-09	 0.00E+00	 2.07E+02
"RXN-RPE_c_FWD-rt3505"	 2.028353647391362E+05	 1.542337529432681E-03	 0.00E+00	 4.92E+03
"RXN-SACCD1_c_FWD-rt8465"	 1.026196741009137E+04	 5.158912448579965E-01	 0.00E+00	 1.01E+02
"RXN-SACCD2_c_FWD-rt5719"	 1.026196739039472E+04	 3.166537571491949E-01	 8.34E+03	 0.00E+00
"RXN-SADT_c_FWD-rt5075"	 4.717885711496512E+03	 8.680032585195419E-02	 0.00E+00	 5.48E+01
"RXN-SERAT_c_FWD-rt6880"	 1.095248378938097E+03	 1.360355074848047E-02	 1.77E+02	 0.00E+00
"RXN-SERt_c_m_REV-rt7910"	 1.521571338271995E+05	 6.751402271262905E-02	 0.00E+00	 1.54E+04
"RXN-SERTRS_c_FWD-rt5857"	 1.424038449860572E+02	 1.095010167515309E-02	 5.01E+02	 0.00E+00
"RXN-SHCHD2_c_FWD-rt5201"	 2.814165537809445E-01	 9.133294114982779E-03	 5.36E+02	 0.00E+00
"RXN-SHK3Di_c_FWD-rt5884"	 1.188983505488267E+04	 1.000000010000000E-09	 0.00E+00	 1.19E+04
"RXN-SHKK_c_FWD-rt5884"	 1.188983505488267E+04	 7.747654439875194E-02	 0.00E+00	 8.49E+01
"RXN-SO3R_c_FWD-rt20063076"	 4.717885711496512E+03	 7.350777112075053E-02	 0.00E+00	 5.48E+01
"RXN-SO4t_c_e_FWD-rt7368"	 5.874043950598221E+03	 7.612718770955151E-03	 0.00E+00	 7.70E+00
"RXN-STATg_rm_FWD-rt3431"	 3.937703539829905E+02	 1.000000010000000E-09	 0.00E+00	 3.94E+02
"RXN-SUCDq9_m_FWD-SDH1234"	 2.250371043201302E+05	 1.000000010000000E-09	 0.00E+00	 2.25E+05
"RXN-SUCFUMt_c_m_FWD-rt4237"	 6.749859204360230E+03	 1.494403378608965E-02	 8.74E+02	 0.00E+00
"RXN-SUCOAS_m_FWD-LSC12"	 2.182872450570387E+05	 5.329864287123722E-01	 0.00E+00	 8.64E+04
"RXN-TALA_c_FWD-rt1805"	 1.098945472623109E+05	 2.780764246263290E+00	 0.00E+00	 6.02E+03
"RXN-THRD_L_m_FWD-rt0848_m"	 4.599671886898665E+03	 0.000000000000000E+00	 0.00E+00	 4.60E+03
"RXN-THRTRS_c_FWD-rt7480"	 9.005926912600982E+03	 2.249252831233627E-01	 0.00E+00	 7.63E+01
"RXN-TKT1_c_FWD-rt7263_c"	 1.098945472623109E+05	 4.148301686717047E-01	 0.00E+00	 6.02E+03
"RXN-TKT2_c_FWD-rt7263_c"	 9.800471220742822E+04	 1.000000010000000E-09	 0.00E+00	 9.80E+04
"RXN-TMDPK_c_FWD-rt8116"	 2.182357094814425E+00	 4.265760180661854E-04	 2.29E+01	 0.00E+00
"RXN-TPI_c_FWD-rt0932"	 3.320239592587902E+05	 4.379129795545240E-01	 0.00E+00	 2.70E+04
"RXN-TRDR_c_FWD-rt1320"	 5.857497602022750E+03	 2.671623755506880E-01	 0.00E+00	 7.70E+00
"RXN-TRE6PP_c_FWD-TPS12TSL1"	 5.099176268032701E+03	 5.829740040477334E-02	 0.00E+00	 8.75E-05
"RXN-TRE6PS_c_FWD-TPS12TSL1"	 5.099176268032701E+03	 1.000000010000000E-09	 0.00E+00	 5.10E+03
"RXN-TRPS1_c_FWD-rt0894"	 1.625915571204330E+03	 1.444937470045854E-01	 1.65E+04	 0.00E+00
"RXN-TRPTRS_c_FWD-rt6341"	 1.625915571204330E+03	 1.772556331642451E-01	 0.00E+00	 4.01E+00
"RXN-TYRTA_c_FWD-rt7697"	 3.420664615286900E+03	 1.515462617510885E-02	 0.00E+00	 3.04E+03
"RXN-TYRTRS_c_FWD-rt8273"	 4.400869731002318E+03	 1.620919492365158E-01	 1.61E+01	 0.00E+00
"RXN-UMPK_c_FWD-rt4822_c"	 6.749859204360230E+03	 8.459347024322682E-02	 0.00E+00	 9.70E-03
"RXN-UPP3MT_2_c_FWD-rt2682"	 2.814165537809445E-01	 1.520999920075252E-02	 8.93E+02	 0.00E+00
"RXN-UPP3S_c_FWD-rt2147"	 7.796110785886943E-01	 0.000000000000000E+00	 0.00E+00	 7.80E-01
"RXN-UPPDC1_c_FWD-rt5811"	 4.981945248077497E-01	 2.023139142008805E-02	 1.19E+03	 0.00E+00
"RXN-VALTA_m_REV-rt6242_m"	 2.586016109497733E+04	 1.000000010000000E-09	 0.00E+00	 2.59E+04
"RXN-VALTRS_c_FWD-rt8160_c"	 1.183133321498645E+04	 1.629739385983314E-01	 0.00E+00	 6.72E+01
