"rxn"	"v_exp_lb"	"v_sm"	"% diff from v_exp_lb"
"13GS_c"	 2.646303344509098E-01	 2.534818279041822E-01	-4.21E+00
"16GS_c"	 6.963948031303091E-02	 6.670555897646463E-02	-4.21E+00
"2OXOADPt_c_m"	 1.055161212776545E-01	 1.026396781412752E-01	-2.73E+00
"AASADy_c"	 1.055161212776545E-01	 1.026396781412752E-01	-2.73E+00
"AATA_c"	 1.055161212776545E-01	 1.026396781412752E-01	-2.73E+00
"ACACT40ir_c"	 1.240936000000000E-01	 1.188662489188965E-01	-4.21E+00
"ACGAM6PS_c"	 6.256357965772339E-03	 5.992865739133599E-03	-4.21E+00
"ACGAMPM_c"	 6.256357965772339E-03	 5.992865739133599E-03	-4.21E+00
"ACHBS_m"	 9.459494178611749E-02	 7.503306873875071E-02	-2.07E+01
"ACKr_c"	 9.132142089751660E-08	 0.000000000000000E+00	-1.00E+02
"ACLS_m"	 2.463645834695243E-01	 2.591310955201983E-01	 5.18E+00
"ACOADS180_rm"	 3.666022672353034E-02	 3.548987299239839E-02	-3.19E+00
"ACOADS181_rm"	 2.498535322007001E-02	 2.418771110013480E-02	-3.19E+00
"ACOADS182_rm"	 4.938270437192119E-03	 4.780610381557956E-03	-3.19E+00
"ACONTa_m"	 1.803862224676159E+00	 1.813562035327195E+00	 5.38E-01
"ACONTb_m"	 1.803862224676159E+00	 1.813562035327195E+00	 5.38E-01
"ACS_c"	 2.055690000000000E-02	 7.585175724094734E-04	-9.63E+01
"ADK1_c"	 1.217887662522189E+00	 2.427669329971280E+00	 9.93E+01
"ADNK1_c"	 5.406278161887105E-02	 5.178542902371954E-02	-4.21E+00
"ADPATPt_c_m"	 7.733920576150967E+01	 7.943021777095689E+01	 2.70E+00
"ADSK_c"	 2.055699132142089E-02	 4.710184652421420E-02	 1.29E+02
"ADSL1r_c"	 5.974085357308522E-02	 6.793246645329679E-02	 1.37E+01
"ADSL2i_c"	 7.278047360172257E-02	 7.575428721554743E-02	 4.09E+00
"ADSS_c"	 5.974085357308522E-02	 6.793246645329679E-02	 1.37E+01
"AGPAT_rm"	 2.372731753351323E-02	 2.323356933117492E-02	-2.08E+00
"AHCi_c"	 5.406278161887105E-02	 5.178542902371954E-02	-4.21E+00
"AHSERL2_c"	 2.055699132142089E-02	 3.438117562912983E-02	 6.72E+01
"AICART_c"	 1.037769697962083E-01	 1.082950026856967E-01	 4.35E+00
"AIRC1_c"	 7.278047360172257E-02	 7.575428721554743E-02	 4.09E+00
"AKGDH_m"	 1.319966336254034E+00	 1.366309665205839E+00	 3.51E+00
"AKGMALta_m"	 3.023336502360245E+00	 3.399735304874503E+00	 1.24E+01
"ALATA_L_m"	 4.295374924627556E-01	 0.000000000000000E+00	-1.00E+02
"ANPRT_c"	 5.968854036286570E-01	 1.846823952212022E-01	-6.91E+01
"ANS_c"	 1.043911829632453E-02	 1.621906462193827E-02	 5.54E+01
"ARGN_c"	-7.658060630078012E-08	 0.000000000000000E+00	-1.00E+02
"ARGSL_c"	 6.199252923162489E-02	 9.225709898057566E-02	 4.88E+01
"ARGSS_c"	 6.199252923162489E-02	 9.225709898057566E-02	 4.88E+01
"ASAD_c"	 2.023593000000000E-01	 1.973646684692775E-01	-2.47E+00
"ASNS1_c"	 7.451962508316870E-02	 5.167755925781797E-02	-3.07E+01
"ASPCT_c"	 7.624337076837510E-02	 6.749849504471599E-02	-1.15E+01
"ASPGLUt_c_m"	 2.057827406400877E+00	 2.048127595749840E+00	-4.71E-01
"ASPK_c"	 2.023593000000000E-01	 1.973646684692775E-01	-2.47E+00
"ASPTA_c"	 1.435671629059731E+00	 1.408473388140280E+00	-1.89E+00
"ASPTAi_m"	 2.057827406400877E+00	 2.048127595749840E+00	-4.71E-01
"ATPPRT_c"	 3.099649619448577E-02	 3.254071547014922E-02	 4.98E+00
"ATPS_m"	 2.522609330000000E+01	 2.592536242348130E+01	 2.77E+00
"BPNT_c"	 2.055699132142089E-02	 4.710184652421420E-02	 1.29E+02
"C14STR_c"	 2.068226666666666E-02	 1.981104148648275E-02	-4.21E+00
"C22STDSy_c"	 2.068224218529325E-02	 1.981104148648275E-02	-4.21E+00
"C24STR_r"	 2.068224218529325E-02	 1.981104148648275E-02	-4.21E+00
"C3STDH1_c"	 2.068226666666666E-02	 1.981104148648275E-02	-4.21E+00
"C3STDH2_c"	 2.068226666666666E-02	 1.981104148648275E-02	-4.21E+00
"C3STKR1_c"	 2.068226666666666E-02	 1.981104148648275E-02	-4.21E+00
"C3STKR2_c"	 2.068226666666666E-02	 1.981104148648275E-02	-4.21E+00
"C4STMO1_c"	 2.068226666666666E-02	 1.981104148648275E-02	-4.21E+00
"C4STMO2_c"	 2.068226666666666E-02	 1.981104148648275E-02	-4.21E+00
"C4STMO3_c"	 2.068226666666666E-02	 1.981104148648275E-02	-4.21E+00
"C4STMO4_c"	 2.068226666666666E-02	 1.981104148648275E-02	-4.21E+00
"C5STDS_c"	 2.068224218529325E-02	 1.981104148648275E-02	-4.21E+00
"C8STI_c"	 2.068226666666666E-02	 1.981104148648275E-02	-4.21E+00
"CA2t_c_e"	 4.971376880859632E-04	 4.769716550083870E-04	-4.06E+00
"CBPS_c"	 1.382359000000000E-01	 1.597555940252916E-01	 1.56E+01
"CDPDAGS_mm"	 2.167150242834904E-02	 0.000000000000000E+00	-1.00E+02
"CHORM_c"	 9.186493684578853E-02	 1.030223394210205E-01	 1.21E+01
"CHORS_c"	 1.023040551421131E-01	 1.192414040429588E-01	 1.66E+01
"CHTNS_c"	 6.256357965772339E-03	 5.992865739133599E-03	-4.21E+00
"CO2t_c_e"	 1.663798915937183E+01	 1.663798915931874E+01	-3.19E-10
"CO2t_c_m"	-9.081698128713036E+00	-9.739526838564117E+00	 7.24E+00
"CS_m"	 2.860138178722346E+00	 2.869837989373382E+00	 3.39E-01
"CTPS2_c"	 4.974508152456442E-02	 3.446238556240097E-02	-3.07E+01
"CU2t_c_e"	 4.406974839953329E-05	 4.225030012414060E-05	-4.13E+00
"CYTK1_c"	 2.167150242834904E-02	 1.958253516869348E-02	-9.64E+00
"DDPA_c"	 1.023040551421131E-01	 1.192414040429588E-01	 1.66E+01
"DGAT_rm"	 4.056736313199143E-03	 3.885848242928707E-03	-4.21E+00
"DHAD1_m"	 2.463645834695243E-01	 2.591310955201983E-01	 5.18E+00
"DHAD2_m"	 9.459494178611749E-02	 7.503306873875071E-02	-2.07E+01
"DHFRi_c"	 2.322939632743820E-03	 2.225090681214824E-03	-4.21E+00
"DHORDfum_c"	 7.624337076837510E-02	 6.749849504471599E-02	-1.15E+01
"DHORTS_c"	-7.624337100000000E-02	-6.749849504471599E-02	-1.15E+01
"DHQS_c"	 1.023040551421131E-01	 1.192414040429588E-01	 1.66E+01
"DHQTi_c"	 1.023040551421131E-01	 1.192414040429588E-01	 1.66E+01
"DMATT_c"	 4.136453333333334E-02	 3.962208297296550E-02	-4.21E+00
"DOLPMMT_r"	 1.894805892809758E-01	 1.814985205972205E-01	-4.21E+00
"DOLPMT_c"	 1.894805892809758E-01	 1.814985205972205E-01	-4.21E+00
"DPMVD_c"	 1.240936000000000E-01	 1.188662489188965E-01	-4.21E+00
"DTMPK_c"	 2.322939632743820E-03	 2.225090681214808E-03	-4.21E+00
"DUTPDP_c"	 2.322939632743820E-03	 2.072356169439833E-03	-1.08E+01
"ENO_c"	 4.108592700000000E+00	 4.458846548205421E+00	 8.52E+00
"ETFOXRq9_m"	 4.404266000000000E-01	 4.404265995953253E-01	-9.19E-08
"EX_ca2_e"	-4.971376880859632E-04	-4.769716550083870E-04	-4.06E+00
"EX_co2_e"	 1.663798915937183E+01	 1.663798915931874E+01	-3.19E-10
"EX_cu2_e"	-4.406974839953329E-05	-4.225030012414060E-05	-4.13E+00
"EX_fe2_e"	-2.566869555902640E-04	-2.486766043665361E-04	-3.12E+00
"EX_k_e"	-2.333570493103357E-01	-2.235663835411198E-01	-4.20E+00
"EX_mg2_e"	-2.458898672323784E-02	-2.371408425565249E-02	-3.56E+00
"EX_nh4_e"	-2.756316799374078E+00	-2.758563399982441E+00	 8.15E-02
"EX_o2_e"	-1.596784226096333E+01	-1.596784230000000E+01	 2.44E-07
"EX_pi_e"	-2.115400000000000E-01	-2.027141275974532E-01	-4.17E+00
"EX_so4_e"	-3.262707688526850E-02	-5.866342891523128E-02	 7.98E+01
"EX_zn2_e"	-6.092449427865303E-04	-6.188613124074471E-04	 1.58E+00
"FBA_c"	 2.918868609614855E+00	 3.222614002280655E+00	 1.04E+01
"FBP_c"	 9.485279903851448E-01	 0.000000000000000E+00	-1.00E+02
"FDH_c"	 4.699686054581083E+00	 4.704459861880177E+00	 1.02E-01
"FE2t_c_e"	 2.566869555902640E-04	 2.486766043665361E-04	-3.12E+00
"FECOOR_m"	 1.506562451360893E+01	 1.537807675591322E+01	 2.07E+00
"FECRq9_m"	 3.001069391622509E+01	 3.066267819099361E+01	 2.17E+00
"FKYNH_c"	 5.864462853323326E-01	 1.684633305992639E-01	-7.13E+01
"FORt_c_m"	 9.111507000000000E-01	 9.043553390033072E-01	-7.46E-01
"FTHFL_c"	-3.181406802582083E+00	-3.611830150791123E+00	 1.35E+01
"FTHFL_m"	-9.111507000000000E-01	-9.043553390033072E-01	-7.46E-01
"FUM_c"	 1.945138564064326E-01	 2.359438526494202E-01	 2.13E+01
"FUM_m"	 1.319966336254034E+00	 1.366309665205839E+00	 3.51E+00
"G3PAT_rm"	 2.372731753351323E-02	 2.323356933117492E-02	-2.08E+00
"G3PD1i_x"	 2.372731753351323E-02	 0.000000000000000E+00	-1.00E+02
"G5SADr_m"	-4.404266000000000E-01	-3.901883510972778E-01	-1.14E+01
"GALUi_c"	 4.782766089244437E-01	 4.581279243302223E-01	-4.21E+00
"GAPD_c"	 7.091690743638393E+00	 7.441944591843813E+00	 4.94E+00
"GARFT_c"	 7.278047360172257E-02	 7.575428721554743E-02	 4.09E+00
"GF6PTA_c"	 6.256357965772339E-03	 5.992865739133599E-03	-4.21E+00
"GHMT2r_c"	 3.432658628231193E+00	 3.882022805704574E+00	 1.31E+01
"GHMT2r_m"	-1.152975713712302E+00	-1.388006279061391E+00	 2.04E+01
"GK1_c"	 4.403605585586694E-02	 4.036247586514369E-02	-8.34E+00
"GLNS_c"	 6.240960993865745E-01	 5.530867399334863E-01	-1.14E+01
"GLUDy_c"	 4.731368502324710E+00	 5.144790724472935E+00	 8.74E+00
"GLUPRT_c"	 7.278047360172257E-02	 7.575428721554743E-02	 4.09E+00
"GLUt_c_m"	 6.113777822816027E-01	 1.084358162650388E+00	 7.74E+01
"GLYCL_m"	 2.064126413712302E+00	 2.292361618064698E+00	 1.11E+01
"GLYGS_c"	 9.077247097756850E-02	 8.694877476924848E-02	-4.21E+00
"GLYt_c_m"	 3.217102127424603E+00	 3.680367897126089E+00	 1.44E+01
"GMPS2_c"	 4.403611622312312E-02	 4.036253623239987E-02	-8.34E+00
"GRTT_c"	 4.136453333333333E-02	 3.962208297296550E-02	-4.21E+00
"H2Ot_c_m"	 9.891988820250717E+01	-1.014548792935495E+02	-2.03E+02
"HACNH_m"	 1.055161212776545E-01	 1.026396781412752E-01	-2.73E+00
"HCITR_m"	 1.055161212776545E-01	 1.026396781412752E-01	-2.73E+00
"HCITS_m"	 1.055161212776545E-01	 1.026396781412752E-01	-2.73E+00
"HICITD_m"	 1.055161212776545E-01	 1.026396781412752E-01	-2.73E+00
"HISTD_c"	 3.099649619448577E-02	 3.254071547014922E-02	 4.98E+00
"HISTP_c"	 3.099649619448577E-02	 3.254071547014922E-02	 4.98E+00
"HMGCOAR_c"	 1.240936000000000E-01	 1.188662489188965E-01	-4.21E+00
"HMGCOAS_c"	 1.240936000000000E-01	 1.188662489188965E-01	-4.21E+00
"HSDy_c"	 2.023593000000000E-01	 1.973646684692775E-01	-2.47E+00
"HSERTA_c"	 2.055699132142089E-02	 3.438117562912983E-02	 6.72E+01
"HSK_c"	 1.818023086785791E-01	 1.629834928401477E-01	-1.04E+01
"HSTPT_c"	 3.099649619448577E-02	 3.254071547014922E-02	 4.98E+00
"ICDHx_m"	 1.803862224676159E+00	 1.813562035327195E+00	 5.38E-01
"IG3PS_c"	 3.099649619448577E-02	 3.254071547014922E-02	 4.98E+00
"IGPDH_c"	 3.099649619448577E-02	 3.254071547014922E-02	 4.98E+00
"IGPS_c"	 5.968854036286570E-01	 1.846823952212022E-01	-6.91E+01
"ILETA_m"	-9.459494178611749E-02	-7.503306873875071E-02	-2.07E+01
"ILEt_c_m"	 9.459494178611749E-02	 7.503306873875071E-02	-2.07E+01
"IMPC_c"	 1.037769697962083E-01	 1.082950026856967E-01	 4.35E+00
"IMPD_c"	 4.403611622312312E-02	 4.036253623239987E-02	-8.34E+00
"IPDDI_c"	 4.136453333333334E-02	 3.962208297296550E-02	-4.21E+00
"IPMD_c"	 1.286426881921604E-01	 1.403019001431349E-01	 9.06E+00
"IPPMIa_c"	-1.286426881921604E-01	-1.403019001431349E-01	 9.06E+00
"IPPMIb_c"	-1.286426881921604E-01	-1.403019001431349E-01	 9.06E+00
"IPPS_c"	 1.286426881921604E-01	 1.403019001431349E-01	 9.06E+00
"KARA1i_m"	 2.463645834695243E-01	 2.591310955201983E-01	 5.18E+00
"KARA2i_m"	 9.459494178611749E-02	 7.503306873875071E-02	-2.07E+01
"KYN_c"	 5.864462853323326E-01	 1.684633305992639E-01	-7.13E+01
"Kt_c_e"	 2.333570493103357E-01	 2.235663835411198E-01	-4.20E+00
"LALDO3_c"	 1.205551109927789E-01	 9.347532083283062E-02	-2.25E+01
"LCADi_c"	 1.205551109927789E-01	 9.347532083283062E-02	-2.25E+01
"LEUTA_c"	-1.286426881921604E-01	-1.403019001431349E-01	 9.06E+00
"LLFC2O_c"	 1.205551109927789E-01	 9.347532083283062E-02	-2.25E+01
"LNS14DMy_c"	 2.068226666666666E-02	 1.981104148648275E-02	-4.21E+00
"LNSTLS_c"	 2.068226666666666E-02	 1.981104148648275E-02	-4.21E+00
"M1PS_c"	 4.992262389346726E-03	 3.605907826755740E-03	-2.78E+01
"MAN1PT_c"	 1.894805892809758E-01	 1.814985205972205E-01	-4.21E+00
"MAN6PI_c"	-1.894805892809758E-01	-1.814985205972205E-01	-4.21E+00
"MDH_c"	-3.885098600000000E+00	-4.220067406271270E+00	 8.62E+00
"ME1_m"	 4.816132075372440E-01	 9.043553390033072E-01	 8.78E+01
"METAT_c"	 5.406278161887105E-02	 5.178542902371954E-02	-4.21E+00
"METS_c"	 7.237144261843503E-02	 8.391827433099247E-02	 1.60E+01
"MEVK1_c"	 1.240936000000000E-01	 1.188662489188965E-01	-4.21E+00
"MG2t_c_e"	 2.458898672323784E-02	 2.371408425565249E-02	-3.56E+00
"MGSA_c"	 1.205551109927789E-01	 9.347532083283062E-02	-2.25E+01
"MI1PP_c"	 4.992262389346726E-03	 3.605907826755740E-03	-2.78E+01
"MTHFC_c"	 3.357964245980015E+00	 3.795879440692367E+00	 1.30E+01
"MTHFC_m"	 9.111507000000000E-01	 9.043553390033072E-01	-7.46E-01
"MTHFD2i_c"	 2.794436450937141E+00	 2.841792937256291E+00	 1.69E+00
"MTHFD_c"	 5.635277950428734E-01	 9.540865034360759E-01	 6.93E+01
"MTHFD_m"	 9.111507000000000E-01	 9.043553390033072E-01	-7.46E-01
"MTHFR3_c"	 7.237144261843503E-02	 8.391827433099247E-02	 1.60E+01
"NADHcplxI_c_m"	 1.409913078858061E+01	 1.471351661052567E+01	 4.36E+00
"NDPK1_c"	 2.896318558294717E-01	 3.510166210771393E+00	 1.11E+03
"NDPK2_c"	 5.584533980258473E-01	 5.295469289446320E-01	-5.18E+00
"NDPK3_c"	 1.804579918063656E-02	 1.595683192098100E-02	-1.16E+01
"NDPK4_c"	 2.322939632743820E-03	 2.225090681214808E-03	-4.21E+00
"NDPK5_c"	 3.625703247712480E-03	 3.472972876154366E-03	-4.21E+00
"NDPK6_c"	 2.322939632743820E-03	 2.072356169439833E-03	-1.08E+01
"NDPK7_c"	 3.625703247712480E-03	 3.472968735937506E-03	-4.21E+00
"NDPK8_c"	 2.323000000000000E-03	 2.225146979211867E-03	-4.21E+00
"NH4t_c_e"	 2.756316799374078E+00	 2.758563399982441E+00	 8.15E-02
"NH4t_c_m"	-2.596899625176562E+00	-2.775308463313247E+00	 6.87E+00
"O2t_c_e"	 1.596784226096333E+01	 1.596784230000000E+01	 2.44E-07
"O2t_c_m"	 1.506562451360893E+01	 1.537807675591322E+01	 2.07E+00
"OCBT_c"	 6.199252923162489E-02	 9.225709898057566E-02	 4.88E+01
"OMCDC_c"	 1.286426881921604E-01	 1.403019001431349E-01	 9.06E+00
"OMPDC_c"	 7.624337076837510E-02	 6.749849504471599E-02	-1.15E+01
"ORNCD_m"	 4.404266000000000E-01	 4.101621068316555E-01	-6.87E+00
"ORNtpa_m"	 1.297645747443583E-01	 1.600290679127027E-01	 2.33E+01
"ORPT_c"	-7.624337076837510E-02	-6.749849504471599E-02	-1.15E+01
"P5CD2_m"	 4.404266000000000E-01	 3.901883510972778E-01	-1.14E+01
"PAILS_rm"	 4.992262389346726E-03	 3.605907826755740E-03	-2.78E+01
"PAPSR_c"	 2.055699132142089E-02	 4.710184652421420E-02	 1.29E+02
"PAP_rm"	 2.055815105164193E-03	 3.651034162481432E-03	 7.76E+01
"PC_c"	 1.393151016894082E+00	 1.755318064084804E+00	 2.60E+01
"PDH_m"	 2.965654300000000E+00	 2.926134338562853E+00	-1.33E+00
"PDMEMT_rm"	 1.112683831740146E-02	 1.065812917907893E-02	-4.21E+00
"PEMT_rm"	 1.112683831740146E-02	 1.065812917907893E-02	-4.21E+00
"PFK_c"	 3.867396600000000E+00	 3.222614002280655E+00	-1.67E+01
"PGI_c"	 1.409600220464013E+00	 1.433377820123433E+00	 1.69E+00
"PGK_c"	 7.091690743638393E+00	 7.441944591843813E+00	 4.94E+00
"PGMT_c"	 4.782766089244437E-01	 4.581279243302223E-01	-4.21E+00
"PGM_c"	 4.108592700000000E+00	 4.458846548205421E+00	 8.52E+00
"PHETA1_c"	-6.038676603283065E-02	-5.885227434651365E-02	-2.54E+00
"PItps_e"	 2.115400000000000E-01	 2.027141275974532E-01	-4.17E+00
"PItps_m"	 7.733920576150966E+01	 7.943021777095689E+01	 2.70E+00
"PKETX_c"	-9.132142089751660E-08	 0.000000000000000E+00	-1.00E+02
"PMANM_c"	-1.894805892809758E-01	-1.814985205972205E-01	-4.21E+00
"PMEMT_rm"	 1.112683831740146E-02	 1.065812917907893E-02	-4.21E+00
"PMEVK_c"	 1.240936000000000E-01	 1.188662489188965E-01	-4.21E+00
"PPA_c"	 2.160268303895857E+00	 3.321670812172083E+00	 5.38E+01
"PPND2_c"	 3.147817081295786E-02	 4.417006507450688E-02	 4.03E+01
"PPNDH_c"	 6.038676603283065E-02	 5.885227434651365E-02	-2.54E+00
"PRAGSi_c"	 7.278047360172257E-02	 7.575428721554743E-02	 4.09E+00
"PRAIS_c"	 7.278047360172257E-02	 7.575428721554743E-02	 4.09E+00
"PRAIi_c"	 5.968854036286570E-01	 1.846823952212022E-01	-6.91E+01
"PRAMPC_c"	 3.099649619448577E-02	 3.254071547014922E-02	 4.98E+00
"PRASCSi_c"	 7.278047360172257E-02	 7.575428721554743E-02	 4.09E+00
"PRATPP_c"	 3.099649619448577E-02	 3.254071547014922E-02	 4.98E+00
"PRFGS_c"	 7.278047360172257E-02	 7.575428721554743E-02	 4.09E+00
"PRMICI_c"	 3.099649619448577E-02	 3.254071547014922E-02	 4.98E+00
"PROD2_m"	 4.404266000000000E-01	 3.901883510972778E-01	-1.14E+01
"PRPPS_c"	 7.769057441932405E-01	 3.608536302774190E-01	-5.36E+01
"PSCIT_c"	 1.023040551421131E-01	 1.192414040429588E-01	 1.66E+01
"PSD_mm"	 1.411121075287863E-02	 1.351677530376301E-02	-4.21E+00
"PSSA_rm"	 1.667924003900231E-02	 1.597662734193774E-02	-4.21E+00
"PYK_c"	 3.903984589715774E+00	 4.220363740119503E+00	 8.10E+00
"PYRDC_c"	 9.338562884098067E-08	 1.212272352294746E-01	 1.30E+08
"PYRtps_m"	 2.607394400000000E+00	 2.580640950613526E+00	-1.03E+00
"RNDR1_c"	 2.322939632743820E-03	 2.225086611955687E-03	-4.21E+00
"RNDR2_c"	 3.625703247712480E-03	 3.472972876154366E-03	-4.21E+00
"RNDR4_c"	 2.322939632743820E-03	 2.072356169439833E-03	-1.08E+01
"RPE_c"	 1.705005245076170E+00	 1.976727568493575E+00	 1.59E+01
"RPI_c"	 1.680560439963093E+00	 1.408838116545687E+00	-1.62E+01
"SACCD1_c"	 1.055161212776545E-01	 1.026396781412752E-01	-2.73E+00
"SACCD2_c"	 1.055161212776545E-01	 1.026396781412752E-01	-2.73E+00
"SADT_c"	 2.055699132142089E-02	 4.710184652421420E-02	 1.29E+02
"SAM24MT_c"	 2.068226666666666E-02	 1.981104148648275E-02	-4.21E+00
"SERt_c_m"	-1.152975713712302E+00	-1.388006279061391E+00	 2.04E+01
"SHK3Di_c"	 1.023040551421131E-01	 1.192414040429588E-01	 1.66E+01
"SHKK_c"	 1.023040551421131E-01	 1.192414040429588E-01	 1.66E+01
"SO3R_c"	 2.055699132142089E-02	 4.710184652421420E-02	 1.29E+02
"SO4t_c_e"	 3.262707688526850E-02	 5.866342891523128E-02	 7.98E+01
"SQLEy_r"	 2.068226666666666E-02	 1.981104148648275E-02	-4.21E+00
"SQLS_c"	 2.068226666666666E-02	 1.981104148648275E-02	-4.21E+00
"STATg_rm"	 4.110857056847692E-03	 3.937703539829905E-03	-4.21E+00
"SUCDq9_m"	 1.396209707022409E+00	 1.433808160250555E+00	 2.69E+00
"SUCFUMt_c_m"	 7.624337076837510E-02	 6.749849504471599E-02	-1.15E+01
"TALA_c"	 9.036546957698518E-01	 1.047984486268268E+00	 1.60E+01
"THRA_c"	-9.338562884098067E-08	 0.000000000000000E+00	-1.00E+02
"THRD_L_m"	 9.234661146426060E-02	 7.278473841689381E-02	-2.12E+01
"THRS_c"	 1.818023086785791E-01	 1.629834928401477E-01	-1.04E+01
"THRt_c_m"	 9.234661146426060E-02	 7.278473841689381E-02	-2.12E+01
"TKT1_c"	 9.036546957698518E-01	 1.047984486268268E+00	 1.60E+01
"TKT2_c"	 8.013506406277388E-01	 9.287430822253077E-01	 1.59E+01
"TMDS_c"	 2.322939632743820E-03	 2.225090681214808E-03	-4.21E+00
"TPI_c"	 2.774586181088563E+00	 3.105905112116649E+00	 1.19E+01
"TRDR_c"	 3.245427708233349E-02	 5.849796542947656E-02	 8.02E+01
"TRE6PP_c"	 5.323432318293447E-02	 5.099176268032701E-02	-4.21E+00
"TRE6PS_c"	 5.323432318293447E-02	 5.099176268032701E-02	-4.21E+00
"TRPO2_c"	 5.864462853323326E-01	 1.684633305992639E-01	-7.13E+01
"TRPS1_c"	 5.968854036286570E-01	 1.846823952212022E-01	-6.91E+01
"TYRTA_c"	 3.147817081295786E-02	 4.417006507450688E-02	 4.03E+01
"UAGDP_c"	 6.256357965772339E-03	 5.992865739133599E-03	-4.21E+00
"UMPK_c"	 7.624337076837510E-02	 6.749849504471599E-02	-1.15E+01
"UREA_c"	-7.658060630078012E-08	 0.000000000000000E+00	-1.00E+02
"VALTA_c"	 1.286426881921604E-01	 1.403019001431349E-01	 9.06E+00
"VALTA_m"	-2.463645834695243E-01	-2.591310955201983E-01	 5.18E+00
"VALt_c_m"	 2.463645834695243E-01	-2.591310955201983E-01	-2.05E+02
"ZN2t_c_e"	 6.092449427865303E-04	 6.188613124074471E-04	 1.58E+00
"compACYLCOA_c"	 5.562222843707329E-02	 0.000000000000000E+00	-1.00E+02
